             pitch        yaw    tick            steamid  name
2041336  -4.620087 -12.005646  204137  76561198386265483  donk
2041346  -4.620087 -12.088043  204138  76561198386265483  donk
2041356  -4.620087 -12.198257  204139  76561198386265483  donk
2041366  -4.620087 -12.308121  204140  76561198386265483  donk
2041376  -4.620087 -12.472916  204141  76561198386265483  donk
2041386  -4.620087 -12.638062  204142  76561198386265483  donk
2041396  -4.620087 -12.803192  204143  76561198386265483  donk
2041406  -4.620087 -12.913055  204144  76561198386265483  donk
2041416  -4.620087 -13.050720  204145  76561198386265483  donk
2041426  -4.620087 -13.215515  204146  76561198386265483  donk
2041436  -4.620087 -13.435593  204147  76561198386265483  donk
2041446  -4.620087 -13.572922  204148  76561198386265483  donk
2041456  -4.592621 -13.710602  204149  76561198386265483  donk
2041466  -4.592621 -13.875732  204150  76561198386265483  donk
2041476  -4.565155 -14.013062  204151  76561198386265483  donk
2041486  -4.565155 -14.205658  204152  76561198386265483  donk
2041496  -4.537689 -14.370453  204153  76561198386265483  donk
2041506  -4.537689 -14.508133  204154  76561198386265483  donk
2041516  -4.537689 -14.672928  204155  76561198386265483  donk
2041526  -4.510223 -14.838074  204156  76561198386265483  donk
2041536  -4.510223 -14.975739  204157  76561198386265483  donk
2041546  -4.510223 -15.113068  204158  76561198386265483  donk
2041556  -4.510223 -15.278198  204159  76561198386265483  donk
2041566  -4.482422 -15.442993  204160  76561198386265483  donk
2041576  -4.482422 -15.663071  204161  76561198386265483  donk
2041586  -4.482422 -15.828217  204162  76561198386265483  donk
2041596  -4.482422 -15.938080  204163  76561198386265483  donk
2041606  -4.482422 -16.048279  204164  76561198386265483  donk
2041616  -4.482422 -16.158142  204165  76561198386265483  donk
2041626  -4.482422 -16.268005  204166  76561198386265483  donk
2041636  -4.482422 -16.405670  204167  76561198386265483  donk
2041646  -4.482422 -16.542999  204168  76561198386265483  donk
2041656  -4.482422 -16.680679  204169  76561198386265483  donk
2041666  -4.482422 -16.872940  204170  76561198386265483  donk
2041676  -4.482422 -17.010620  204171  76561198386265483  donk
2041686  -4.482422 -17.148285  204172  76561198386265483  donk
2041696  -4.482422 -17.313080  204173  76561198386265483  donk
2041706  -4.482422 -17.450745  204174  76561198386265483  donk
2041716  -4.482422 -17.588074  204175  76561198386265483  donk
2041726  -4.482422 -17.725754  204176  76561198386265483  donk
2041736  -4.482422 -17.835617  204177  76561198386265483  donk
2041746  -4.482422 -17.890549  204178  76561198386265483  donk
2041756  -4.510223 -17.918015  204179  76561198386265483  donk
2041766  -4.510223 -17.918015  204180  76561198386265483  donk
2041776  -4.510223 -17.918015  204181  76561198386265483  donk
2041786  -4.510223 -17.945480  204182  76561198386265483  donk
2041796  -4.510223 -17.945480  204183  76561198386265483  donk
2041806  -4.510223 -17.945480  204184  76561198386265483  donk
2041816  -4.510223 -17.945480  204185  76561198386265483  donk
2041826  -4.510223 -17.945480  204186  76561198386265483  donk
2041836  -4.510223 -17.945480  204187  76561198386265483  donk
2041846  -4.510223 -17.945480  204188  76561198386265483  donk
2041856  -4.510223 -17.945480  204189  76561198386265483  donk
2041866  -4.510223 -17.945480  204190  76561198386265483  donk
2041876  -4.510223 -17.945480  204191  76561198386265483  donk
2041886  -4.510223 -17.945480  204192  76561198386265483  donk
2041896  -4.510223 -17.945480  204193  76561198386265483  donk
2041906  -4.510223 -17.945480  204194  76561198386265483  donk
2041916  -4.510223 -17.945480  204195  76561198386265483  donk
2041926  -4.510223 -17.945480  204196  76561198386265483  donk
2041936  -4.510223 -17.945480  204197  76561198386265483  donk
2041946  -4.510223 -17.945480  204198  76561198386265483  donk
2041956  -4.510223 -17.945480  204199  76561198386265483  donk
2041966  -4.510223 -17.945480  204200  76561198386265483  donk
2041976  -4.510223 -17.945480  204201  76561198386265483  donk
2041986  -4.510223 -17.945480  204202  76561198386265483  donk
2041996  -4.510223 -17.945480  204203  76561198386265483  donk
2042006  -4.510223 -17.945480  204204  76561198386265483  donk
2042016  -4.510223 -17.945480  204205  76561198386265483  donk
2042026  -4.510223 -17.945480  204206  76561198386265483  donk
2042036  -4.510223 -17.945480  204207  76561198386265483  donk
2042046  -4.510223 -17.945480  204208  76561198386265483  donk
2042056  -4.510223 -17.945480  204209  76561198386265483  donk
2042066  -4.510223 -17.945480  204210  76561198386265483  donk
2042076  -4.510223 -17.945480  204211  76561198386265483  donk
2042086  -4.510223 -17.945480  204212  76561198386265483  donk
2042096  -4.510223 -17.945480  204213  76561198386265483  donk
2042106  -4.510223 -17.945480  204214  76561198386265483  donk
2042116  -4.510223 -17.945480  204215  76561198386265483  donk
2042126  -4.510223 -17.945480  204216  76561198386265483  donk
2042136  -4.510223 -17.945480  204217  76561198386265483  donk
2042146  -4.510223 -17.945480  204218  76561198386265483  donk
2042156  -4.537689 -18.000763  204219  76561198386265483  donk
2042166  -4.620087 -18.165558  204220  76561198386265483  donk
2042176  -4.620087 -18.165558  204221  76561198386265483  donk
2042186  -4.620087 -18.165558  204222  76561198386265483  donk
2042196  -4.620087 -18.165558  204223  76561198386265483  donk
2042206  -4.620087 -18.165558  204224  76561198386265483  donk
2042216  -4.620087 -18.165558  204225  76561198386265483  donk
2042226  -4.620087 -18.165558  204226  76561198386265483  donk
2042236  -4.620087 -18.165558  204227  76561198386265483  donk
2042246  -4.620087 -18.165558  204228  76561198386265483  donk
2042256  -4.620087 -18.165558  204229  76561198386265483  donk
2042266  -4.620087 -18.165558  204230  76561198386265483  donk
2042276  -4.620087 -18.165558  204231  76561198386265483  donk
2042286  -4.620087 -18.165558  204232  76561198386265483  donk
2042296  -4.620087 -18.165558  204233  76561198386265483  donk
2042306  -4.620087 -18.165558  204234  76561198386265483  donk
2042316  -4.702484 -18.220490  204235  76561198386265483  donk
2042326  -4.729950 -18.440552  204236  76561198386265483  donk
2042336  -4.757416 -18.825760  204237  76561198386265483  donk
2042346  -4.757416 -19.265564  204238  76561198386265483  donk
2042356  -4.757416 -19.733154  204239  76561198386265483  donk
2042366  -4.812698 -20.200775  204240  76561198386265483  donk
2042376  -4.840164 -20.420502  204241  76561198386265483  donk
2042386  -4.840164 -20.475769  204242  76561198386265483  donk
2042396  -4.840164 -20.475769  204243  76561198386265483  donk
2042406  -4.840164 -20.475769  204244  76561198386265483  donk
2042416  -4.840164 -20.475769  204245  76561198386265483  donk
2042426  -4.840164 -20.475769  204246  76561198386265483  donk
2042436  -4.840164 -20.475769  204247  76561198386265483  donk
2042446  -4.840164 -20.475769  204248  76561198386265483  donk
2042456  -4.840164 -20.475769  204249  76561198386265483  donk
2042466  -4.840164 -20.475769  204250  76561198386265483  donk
2042476  -4.840164 -20.475769  204251  76561198386265483  donk
2042486  -4.840164 -20.475769  204252  76561198386265483  donk
2042496  -4.840164 -20.475769  204253  76561198386265483  donk
2042506  -4.840164 -20.475769  204254  76561198386265483  donk
2042516  -4.840164 -20.475769  204255  76561198386265483  donk
2042526  -4.840164 -20.475769  204256  76561198386265483  donk
2042536  -4.840164 -20.475769  204257  76561198386265483  donk
2042546  -4.840164 -20.475769  204258  76561198386265483  donk
2042556  -4.840164 -20.475769  204259  76561198386265483  donk
2042566  -4.840164 -20.475769  204260  76561198386265483  donk
2042576  -4.840164 -20.475769  204261  76561198386265483  donk
2042586  -4.840164 -20.475769  204262  76561198386265483  donk
2042596  -4.840164 -20.475769  204263  76561198386265483  donk
2042606  -4.840164 -20.475769  204264  76561198386265483  donk
2042616  -4.895096 -20.448303  204265  76561198386265483  donk
2042626  -5.060242 -20.228241  204266  76561198386265483  donk
2042636  -5.335236 -19.678223  204267  76561198386265483  donk
2042646  -5.665161 -18.963089  204268  76561198386265483  donk
2042656  -6.022568 -17.890549  204269  76561198386265483  donk
2042666  -6.187714 -17.175751  204270  76561198386265483  donk
2042676  -6.215179 -16.735611  204271  76561198386265483  donk
2042686  -6.215179 -16.735611  204272  76561198386265483  donk
2042696  -6.215179 -16.735611  204273  76561198386265483  donk
2042706  -6.215179 -16.735611  204274  76561198386265483  donk
2042716  -6.215179 -16.735611  204275  76561198386265483  donk
2042726  -6.215179 -16.735611  204276  76561198386265483  donk
2042736  -6.215179 -16.735611  204277  76561198386265483  donk
2042746  -6.215179 -16.735611  204278  76561198386265483  donk
2042756  -6.215179 -16.735611  204279  76561198386265483  donk
2042766  -6.215179 -16.735611  204280  76561198386265483  donk
2042776  -6.215179 -16.735611  204281  76561198386265483  donk
2042786  -6.215179 -16.735611  204282  76561198386265483  donk
2042796  -6.215179 -16.735611  204283  76561198386265483  donk
2042806  -6.215179 -16.735611  204284  76561198386265483  donk
2042816  -6.215179 -16.735611  204285  76561198386265483  donk
2042826  -6.215179 -16.735611  204286  76561198386265483  donk
2042836  -6.215179 -16.735611  204287  76561198386265483  donk
2042846  -6.215179 -16.653214  204288  76561198386265483  donk
2042856  -6.242645 -16.542999  204289  76561198386265483  donk
2042866  -6.242645 -16.542999  204290  76561198386265483  donk
2042876  -6.270111 -16.542999  204291  76561198386265483  donk
2042886  -6.297577 -16.515533  204292  76561198386265483  donk
2042896  -6.352509 -16.488068  204293  76561198386265483  donk
2042906  -6.379974 -16.488068  204294  76561198386265483  donk
2042916  -6.407440 -16.488068  204295  76561198386265483  donk
2042926  -6.407440 -16.488068  204296  76561198386265483  donk
2042936  -6.435242 -16.488068  204297  76561198386265483  donk
2042946  -6.462708 -16.488068  204298  76561198386265483  donk
2042956  -6.462708 -16.488068  204299  76561198386265483  donk
2042966  -6.462708 -16.460602  204300  76561198386265483  donk
2042976  -6.462708 -16.433136  204301  76561198386265483  donk
2042986  -6.517639 -16.240540  204302  76561198386265483  donk
2042996  -6.572571 -15.993011  204303  76561198386265483  donk
2043006  -6.627502 -15.800751  204304  76561198386265483  donk
2043016  -6.710236 -15.690536  204305  76561198386265483  donk
2043026  -6.765167 -15.663071  204306  76561198386265483  donk
2043036  -6.820099 -15.663071  204307  76561198386265483  donk
2043046  -6.847565 -15.608139  204308  76561198386265483  donk
2043056  -6.902496 -15.470459  204309  76561198386265483  donk
2043066  -6.985245 -15.278198  204310  76561198386265483  donk
2043076  -7.040176 -15.113068  204311  76561198386265483  donk
2043086  -7.095108 -15.003204  204312  76561198386265483  donk
2043096  -7.150040 -14.810608  204313  76561198386265483  donk
2043106  -7.260254 -14.480667  204314  76561198386265483  donk
2043116  -7.342651 -14.067993  204315  76561198386265483  donk
2043126  -7.425049 -13.490524  204316  76561198386265483  donk
2043136  -7.479980 -12.995453  204317  76561198386265483  donk
2043146  -7.562714 -12.363052  204318  76561198386265483  donk
2043156  -7.590179 -11.923248  204319  76561198386265483  donk
2043166  -7.645111 -11.455658  204320  76561198386265483  donk
2043176  -7.727509 -10.850708  204321  76561198386265483  donk
2043186  -7.754974 -10.410583  204322  76561198386265483  donk
2043196  -7.782440  -9.778168  204323  76561198386265483  donk
2043206  -7.782440  -9.392975  204324  76561198386265483  donk
2043216  -7.810242  -9.063034  204325  76561198386265483  donk
2043226  -7.865173  -8.760559  204326  76561198386265483  donk
2043236  -7.920105  -8.513031  204327  76561198386265483  donk
2043246  -7.975037  -8.265503  204328  76561198386265483  donk
2043256  -8.029968  -7.990494  204329  76561198386265483  donk
2043266  -8.085251  -7.715485  204330  76561198386265483  donk
2043276  -8.085251  -7.523224  204331  76561198386265483  donk
2043286  -8.085251  -7.330627  204332  76561198386265483  donk
2043296  -8.112717  -7.055634  204333  76561198386265483  donk
2043306  -8.140182  -6.835556  204334  76561198386265483  donk
2043316  -8.222580  -6.642944  204335  76561198386265483  donk
2043326  -8.277512  -6.450684  204336  76561198386265483  donk
2043336  -8.359909  -6.203156  204337  76561198386265483  donk
2043346  -8.415192  -5.955627  204338  76561198386265483  donk
2043356  -8.442657  -5.817947  204339  76561198386265483  donk
2043366  -8.470123  -5.708084  204340  76561198386265483  donk
2043376  -8.525055  -5.625687  204341  76561198386265483  donk
2043386  -8.579987  -5.625687  204342  76561198386265483  donk
2043396  -8.635254  -5.708084  204343  76561198386265483  donk
2043406  -8.662720  -5.763016  204344  76561198386265483  donk
2043416  -8.690186  -5.845764  204345  76561198386265483  donk
2043426  -8.745117  -6.038025  204346  76561198386265483  donk
2043436  -8.772583  -6.395752  204347  76561198386265483  donk
2043446  -8.800049  -6.698227  204348  76561198386265483  donk
2043456  -8.854980  -7.028168  204349  76561198386265483  donk
2043466  -8.937714  -7.798233  204350  76561198386265483  donk
2043476  -8.992645  -8.238037  204351  76561198386265483  donk
2043486  -9.020111  -8.265503  204352  76561198386265483  donk
2043496  -9.047577  -8.073242  204353  76561198386265483  donk
2043506  -9.047577  -7.880630  204354  76561198386265483  donk
2043516  -9.047577  -7.798233  204355  76561198386265483  donk
2043526  -9.047577  -7.798233  204356  76561198386265483  donk
2043536  -9.047577  -7.798233  204357  76561198386265483  donk
2043546  -9.047577  -7.798233  204358  76561198386265483  donk
2043556  -9.020111  -7.688019  204359  76561198386265483  donk
2043566  -9.020111  -7.633087  204360  76561198386265483  donk
2043576  -8.992645  -7.742950  204361  76561198386265483  donk
2043586  -8.827515  -8.017960  204362  76561198386265483  donk
2043596  -8.745117  -8.265503  204363  76561198386265483  donk
2043606  -8.772583  -8.513031  204364  76561198386265483  donk
2043616  -8.965179  -8.815491  204365  76561198386265483  donk
2043626  -9.185257  -9.008102  204366  76561198386265483  donk
2043636  -9.459915  -9.173248  204367  76561198386265483  donk
2043646  -9.570129  -9.255646  204368  76561198386265483  donk
2043656  -9.625061  -9.283112  204369  76561198386265483  donk
2043666  -9.679993  -9.365509  204370  76561198386265483  donk
2043676  -9.762726  -9.420441  204371  76561198386265483  donk
2043686  -9.900055  -9.558105  204372  76561198386265483  donk
2043696  -9.982452  -9.667969  204373  76561198386265483  donk
2043706 -10.009918  -9.805634  204374  76561198386265483  donk
2043716 -10.009918 -10.025711  204375  76561198386265483  donk
2043726 -10.009918 -10.355652  204376  76561198386265483  donk
2043736 -10.009918 -10.713043  204377  76561198386265483  donk
2043746 -10.009918 -10.933105  204378  76561198386265483  donk
2043756  -9.927521 -11.015503  204379  76561198386265483  donk
2043766  -9.845123 -11.042969  204380  76561198386265483  donk
2043776  -9.762726 -11.042969  204381  76561198386265483  donk
2043786  -9.652527 -11.042969  204382  76561198386265483  donk
2043796  -9.459915 -11.070435  204383  76561198386265483  donk
2043806  -9.075043 -11.098251  204384  76561198386265483  donk
2043816  -8.635254 -11.180649  204385  76561198386265483  donk
2043826  -8.250046 -11.345444  204386  76561198386265483  donk
2043836  -7.865173 -11.620453  204387  76561198386265483  donk
2043846  -7.617645 -11.758118  204388  76561198386265483  donk
2043856  -7.370117 -11.785583  204389  76561198386265483  donk
2043866  -7.150040 -11.758118  204390  76561198386265483  donk
2043876  -6.957428 -11.758118  204391  76561198386265483  donk
2043886  -6.820099 -11.923248  204392  76561198386265483  donk
2043896  -6.765167 -12.060577  204393  76561198386265483  donk
2043906  -6.765167 -12.115509  204394  76561198386265483  donk
2043916  -6.820099 -12.088043  204395  76561198386265483  donk
2043926  -6.902496 -12.060577  204396  76561198386265483  donk
2043936  -6.957428 -12.060577  204397  76561198386265483  donk
2043946  -7.067642 -12.088043  204398  76561198386265483  donk
2043956  -7.204971 -12.225723  204399  76561198386265483  donk
2043966  -7.315186 -12.363052  204400  76561198386265483  donk
2043976  -7.425049 -12.583130  204401  76561198386265483  donk
2043986  -7.479980 -12.692993  204402  76561198386265483  donk
2043996  -7.535248 -12.803192  204403  76561198386265483  donk
2044006  -7.590179 -12.913055  204404  76561198386265483  donk
2044016  -7.645111 -12.995453  204405  76561198386265483  donk
2044026  -7.645111 -13.105652  204406  76561198386265483  donk
2044036  -7.645111 -13.215515  204407  76561198386265483  donk
2044046  -7.645111 -13.353195  204408  76561198386265483  donk
2044056  -7.672577 -13.490524  204409  76561198386265483  donk
2044066  -7.700043 -13.683136  204410  76561198386265483  donk
2044076  -7.727509 -13.848267  204411  76561198386265483  donk
2044086  -7.754974 -14.095459  204412  76561198386265483  donk
2044096  -7.754974 -14.315521  204413  76561198386265483  donk
2044106  -7.754974 -14.563065  204414  76561198386265483  donk
2044116  -7.754974 -14.838074  204415  76561198386265483  donk
2044126  -7.700043 -15.085602  204416  76561198386265483  donk
2044136  -7.645111 -15.415527  204417  76561198386265483  donk
2044146  -7.617645 -15.663071  204418  76561198386265483  donk
2044156  -7.562714 -15.938080  204419  76561198386265483  donk
2044166  -7.535248 -16.158142  204420  76561198386265483  donk
2044176  -7.479980 -16.378204  204421  76561198386265483  donk
2044186  -7.452515 -16.598282  204422  76561198386265483  donk
2044196  -7.370117 -16.983154  204423  76561198386265483  donk
2044206  -7.260254 -17.423279  204424  76561198386265483  donk
2044216  -7.177505 -17.835617  204425  76561198386265483  donk
2044226  -7.150040 -18.110626  204426  76561198386265483  donk
2044236  -7.122574 -18.303223  204427  76561198386265483  donk
2044246  -7.095108 -18.523285  204428  76561198386265483  donk
2044256  -7.040176 -18.770477  204429  76561198386265483  donk
2044266  -6.985245 -19.018021  204430  76561198386265483  donk
2044276  -6.929962 -19.238098  204431  76561198386265483  donk
2044286  -6.902496 -19.348297  204432  76561198386265483  donk
2044296  -6.847565 -19.485626  204433  76561198386265483  donk
2044306  -6.820099 -19.623291  204434  76561198386265483  donk
2044316  -6.765167 -19.815552  204435  76561198386265483  donk
2044326  -6.737701 -20.035629  204436  76561198386265483  donk
2044336  -6.682434 -20.228241  204437  76561198386265483  donk